396
2 197
3 410
7 417
15 416
21 218
26 417
31 418
33 224
41 227
44 227
44 426
61 232
63 429
69 428
77 241
80 425
85 423
95 422
114 250
120 243
120 417
136 422
203 347
328 58
331 57
379 158
402 3
409 3
415 174
415 304
421 493
431 490
438 179
451 318
455 318
456 124
463 249
465 314
466 191
466 249
468 311
470 192
472 304
487 116
489 509
490 203
490 290
498 207
507 213
508 277
512 275
515 274
517 273
524 508
527 507
537 228
539 260
542 503
562 250
566 252
591 261
597 260
610 263
612 263
618 267
627 510
632 508
634 508
640 271
643 271
649 270
655 509
656 272
657 331
659 507
667 268
668 502
674 268
675 501
680 267
685 268
688 511
689 270
691 271
693 271
698 272
704 272
707 276
709 280
713 284
716 284
721 293
722 295
725 297
727 511
728 299
731 510
734 303
741 309
742 303
744 310
745 137
746 310
746 313
747 306
748 310
750 311
752 318
756 316
757 510
759 319
760 502
765 497
768 135
768 328
771 335
772 496
773 325
773 338
788 489
789 351
789 487
791 484
792 482
794 355
797 478
800 477
812 475
820 374
821 478
833 391
833 474
836 474
855 469
865 460
869 459
873 464
876 463
882 462
886 460
887 240
890 241
905 420
909 427
515 274
516 942
517 273
519 691
521 680
524 508
527 507
529 671
530 669
537 228
539 260
542 503
548 645
562 250
566 252
569 625
577 524
581 526
587 613
588 970
591 261
595 541
595 617
974 59
979 270
982 59
984 270
984 434
987 15
988 435
990 271
992 436
994 436
995 23
997 272
1002 2
1002 433
1003 6
1004 271
1006 14
1006 23
1007 140
1007 433
1008 8
1008 126
1010 17
1010 132
1010 135
1010 271
1010 434
1011 87
1011 130
1011 149
1012 33
1012 84
1012 157
1013 89
1013 92
1013 270
1014 73
1014 82
1014 95
1014 98
1014 109
1014 121
1014 144
1015 102
1015 160
1016 59
1016 65
1016 134
1016 154
1016 162
1017 63
1017 168
1017 437
1018 4
1018 11
1018 14
1018 241
1019 32
1019 39
1019 46
1019 158
1020 25
1020 37
1020 43
1020 156
1020 172
1020 175
1021 120
1021 139
1021 151
1021 162
1021 166
1022 134
742 303
744 310
744 514
745 137
746 310
746 313
747 306
748 310
750 311
751 529
752 318
756 316
756 513
757 510
759 319
760 502
765 497
768 135
768 328
771 335
772 496
773 325
773 338
788 489
789 351
789 487
791 484
792 482
794 355
797 478
800 477
805 980
811 1015
812 475
817 1019
817 1022
820 374
821 478
833 391
833 474
836 474
855 469
865 460
869 459
873 464
876 463
882 462
886 460
887 240
890 241
905 420
909 427
911 463
915 458
918 432
918 441
921 450
925 57
927 242
928 431
931 431
934 55
937 432
945 245
945 432
948 431
950 58
956 1016
957 430
958 1015
961 431
963 432
963 723
966 262
966 275
968 274
970 273
973 269
974 59
979 270
979 939
982 59
984 270
984 434
987 15
988 435
990 271
992 436
994 436
995 23
996 992
997 272
1002 2
1002 433
1003 6
1004 271
1006 14
1006 23
1007 140
1007 433
1008 8
1008 126
1010 17
1010 132
1010 135
1010 271
1010 434
1011 87
1011 130
1011 149
1012 33
1012 84
1012 157
1013 89
1013 92
1013 270
1014 73
1014 82
1014 95
1014 98
1014 109
1014 121
1014 144
1015 102
1015 160
1016 59
1016 65
1016 134
1016 154
1016 162
1017 63
1017 168
1017 437
1018 4
1018 11
1018 14
1018 241
1018 749
1019 32
1019 39
1019 46
1019 158
1020 25
1020 37
1020 43
1020 156
1020 172
1020 175
1020 753
1021 120
1021 139
1021 151
1021 162
1021 166
1021 756
1022 134
