130
2 39
5 38
6 32
11 34
14 31
16 29
16 35
19 28
22 26
25 26
26 23
31 20
34 20
38 21
42 19
43 23
46 20
48 16
49 18
51 13
52 16
54 17
59 15
61 12
64 16
72 13
81 5
82 10
90 7
93 7
113 1
116 1
164 180
167 179
178 217
195 197
206 196
208 215
211 198
214 213
216 212
224 211
228 196
231 184
231 194
235 210
236 196
238 210
246 186
259 206
260 202
271 199
280 36
294 168
294 176
301 162
302 159
337 66
349 88
382 6
400 239
400 247
401 229
406 243
440 240
443 240
450 238
454 163
460 157
464 213
467 109
471 210
472 147
475 112
475 155
476 153
478 149
482 161
483 159
483 244
491 242
323 447
333 444
337 66
340 389
347 421
349 88
360 376
377 363
382 6
384 316
400 239
400 247
401 229
403 285
406 243
409 279
421 269
440 240
443 240
450 238
454 163
454 262
455 368
460 157
464 213
467 109
469 479
471 210
472 147
475 112
475 155
476 153
478 149
481 302
482 161
483 159
483 244
487 308
489 420
489 466
490 397
490 408
490 426
491 242
491 438
491 508
493 448
494 450
502 373
